Date,All-items,Food ,Shelter,Household operations,Clothing and footwear,Transportation,Gasoline,Health and personal care,Recreation & education ,"Alcohol, tobacco & cannabis",All-items excluding food and energy ,All-items excluding energy ,Energy,Goods,Services 
2003-01-01,102,101.6,102.1,100.1,96.6,105.5,108.4,100.5,99.3,106.8,101.5,101.5,108.3,101.9,102.1
2003-02-01,102.8,101.5,102.5,100.6,98.7,107.1,116.1,100.8,100.6,108.1,102.1,102,113,103,102.6
2003-03-01,103.1,101.7,103.2,100.6,100.3,107.6,117.2,100.5,100.3,108.3,102.3,102.2,115.3,103.6,102.7
2003-04-01,102.4,101.8,102.3,100.7,98.7,105.4,106.7,101.2,100,108.9,102.3,102.2,106,101.9,102.9
2003-05-01,102.5,102.1,102.9,100.6,98.3,104,99.3,101.4,100.7,110.2,102.5,102.4,103.7,101.8,103.2
2003-06-01,102.5,102.4,103.4,100.6,96,103.7,100.5,101.1,101,110.4,102.3,102.3,105.7,101.5,103.5
2003-07-01,102.6,102.4,103.3,100.7,96.6,104.1,102.4,101.2,101.2,110.5,102.4,102.4,106.2,101.6,103.7
2003-08-01,102.9,101.5,103.4,100.8,96.8,105.9,111.6,101.7,101.4,110.9,102.6,102.4,110.7,101.9,104
2003-09-01,103.1,100.8,103.6,101.1,99.8,105.6,110.8,101.9,102,111,102.9,102.5,110.6,101.9,104.3
2003-10-01,102.8,100.7,103.8,101.1,99.9,103.9,103.5,101.9,101.6,110.9,103,102.6,105.7,100.9,104.6
2003-11-01,103.1,101.7,104,101,99.1,104.8,100.5,102.2,100.9,111.4,103.3,103,104.4,101.5,104.5
2003-12-01,103.2,102.6,104.4,101,97.5,104.7,100,101.9,100.1,113.3,103.2,103.1,105.1,101.6,104.7
2004-01-01,103.3,102.8,104.3,100.9,97.2,105.8,105.8,102,99.1,113.9,103.1,103,107.1,101.9,104.6
2004-02-01,103.5,102.6,104.5,101.2,98.8,105.5,109.4,102,100.2,114.2,103.2,103.1,109.5,102.1,104.8
2004-03-01,103.9,102.7,104.6,101.3,100.1,106.2,112.3,102.4,100.8,114.3,103.5,103.4,110.6,102.6,105
2004-04-01,104.1,102.5,105.1,101.6,98.7,106.7,113.9,103.1,100.6,115.1,103.6,103.4,112.8,102.9,105.2
2004-05-01,105,103.4,105.3,101.4,97.7,110.2,129.4,103.1,101.6,116,103.9,103.8,120.5,104.4,105.6
2004-06-01,105.1,104.4,105.7,101.1,96.9,109.4,125.1,103.1,101.7,116.5,103.8,103.9,119.4,104.3,105.8
2004-07-01,105,104.4,106,101,96,108.8,120.7,103.2,102.1,116.7,104,104,117.5,103.8,106.2
2004-08-01,104.8,104.1,106.2,101.1,96.8,107.6,120.3,102.8,101.8,117.1,103.8,103.8,117.6,103.4,106.2
2004-09-01,105,103.7,106.5,101.4,99.7,106.9,118.8,103.2,102.4,117,104.1,104,117,103.4,106.5
2004-10-01,105.2,104.2,107,101.1,100.2,107.6,124.5,103.1,101.6,117,104.1,104.1,119.5,103.8,106.7
2004-11-01,105.6,105.2,107.4,101.2,98.2,109.1,118.3,102.8,100.9,117.1,104.6,104.7,117.1,104.3,106.8
2004-12-01,105.4,105.7,107.4,101.3,95.8,108.4,112.1,103.1,100.5,116.9,104.6,104.8,113.6,103.8,107
2005-01-01,105.3,105.4,107.5,101.3,95.1,108.8,114.9,103,99.3,117.4,104.3,104.5,115,103.5,106.9
2005-02-01,105.7,105.2,107.7,101.5,97.9,109.3,118.7,103.7,100,117.5,104.7,104.8,117.5,104.1,107.2
2005-03-01,106.3,105.6,108.1,101.7,100.8,110.3,124.9,103.9,100.4,118.4,105.1,105.2,121,105.2,107.4
2005-04-01,106.6,106.6,108.4,101.5,97.8,111.2,131.4,104.7,100.4,118.6,104.8,105.1,124.9,105.6,107.6
2005-05-01,106.7,106.8,108.6,101.6,97.3,110.9,127.3,104.5,100.9,119.4,105.1,105.4,122.5,105.3,108
2005-06-01,106.9,107.2,108.8,101.7,96.3,111.3,130.4,104.9,101.1,119.6,105.2,105.5,124.1,105.5,108.3
2005-07-01,107.1,106.9,109.4,101.7,96,111.8,135.5,105.2,101.7,119.5,105.1,105.4,128.3,105.7,108.5
2005-08-01,107.5,106.8,109.3,101.8,97.2,113.9,144.4,104.9,101.7,119.7,105.3,105.6,132.2,106.6,108.5
2005-09-01,108.4,105.8,110,102.1,100.6,116.7,160,104.8,102.2,120,105.7,105.7,142.1,108.2,108.7
2005-10-01,107.9,106.2,110.7,101.7,99.3,114,145.7,104.9,101.3,119.7,105.6,105.7,135.6,106.9,108.9
2005-11-01,107.7,106.7,110.8,102.1,96.8,113.2,129.4,105.4,100.6,120,106.1,106.2,127.4,106.4,109.1
2005-12-01,107.6,107.5,110.5,102.2,95.5,113.1,128.6,105.2,100.2,119.4,106,106.2,125.2,106,109.2
2006-01-01,108.2,108.4,111.8,102.3,94.2,114.7,136.9,105,99.1,120,105.8,106.3,132.7,107.3,109.2
2006-02-01,108,108.2,111.7,102.5,95.5,112.7,127.6,105.4,99.7,120.5,106.1,106.5,127.1,106.4,109.5
2006-03-01,108.6,108.2,111.9,102.4,98.3,114.2,134.1,105.5,100.2,121.5,106.6,106.9,130,107.2,109.9
2006-04-01,109.2,108.1,112.2,102.3,95.8,117.9,152.2,105.9,100.2,121.9,106.6,106.8,138.9,108.1,110.3
2006-05-01,109.7,108.7,113,102.4,96.1,117.8,151,106.1,101.5,121.8,107,107.3,139.8,108.4,111
2006-06-01,109.5,109.2,112.8,102.1,94.1,117.3,150.5,106.1,101.3,121.8,106.7,107.2,138.4,107.9,111.1
2006-07-01,109.6,109.2,113.2,101.4,93.5,118.3,157.3,105.7,101.3,121.5,106.5,107,142,108.1,111.2
2006-08-01,109.8,109.2,113.5,101.7,95.4,118,157.5,105.5,101.2,121.8,106.8,107.2,141.7,108.1,111.4
2006-09-01,109.2,108.8,114,102.1,98.5,112.8,130,106,101.5,122,107.4,107.6,128.8,106.4,111.9
2006-10-01,109,109.2,114.1,102.2,97.7,111.7,124.8,106.1,100.9,122.2,107.5,107.8,123.8,105.6,112.2
2006-11-01,109.2,110.1,114.1,102.2,97,112.7,125.3,106.7,100.5,122.3,107.7,108.1,123.8,106.1,112.4
2006-12-01,109.4,109.9,114.6,102.2,93.5,114.1,130.5,106.3,100.1,123.2,107.6,108,127.1,106.1,112.6
2007-01-01,109.4,110.9,114.8,102.4,94.2,113.3,126.4,106.3,99.2,124.2,107.6,108.2,125.2,106.3,112.5
2007-02-01,110.2,112.6,114.9,103,95.4,114.2,131.3,106.5,100.2,124.2,108,108.9,127.1,107.4,113
2007-03-01,111.1,112.2,115.4,103.2,97.5,117.7,147.6,106.4,100.9,124.1,108.5,109.1,135.9,108.8,113.4
2007-04-01,111.6,112.2,116.2,103.3,97.7,118.6,151.4,106.8,100.9,124.5,108.7,109.3,139.1,109.2,113.9
2007-05-01,112.1,112.5,116,103,96,120.7,159.7,107.4,102.2,125.2,109,109.6,142,109.6,114.5
2007-06-01,111.9,112.6,116.8,103,93.1,119.2,153.1,107.9,102.5,125.7,109,109.6,140.1,108.9,114.8
2007-07-01,112,112.3,117,103.2,94.6,118.5,152.9,107.5,103,126,109.1,109.7,139.6,108.6,115.3
2007-08-01,111.7,111.8,117.6,103.5,95.4,116.3,145.4,107.6,102.9,126.1,109.2,109.7,136.4,107.7,115.6
2007-09-01,111.9,110.9,117.8,103.7,97.4,116.9,146.5,107.6,103.4,126.6,109.7,109.9,136.6,107.8,115.9
2007-10-01,111.6,110.7,118.7,103.4,97.1,115.2,141.7,107.5,102.7,126.3,109.6,109.8,134.5,107.1,116.1
2007-11-01,111.9,111.3,118.8,103.3,96.4,116.7,147.4,108,102,126.5,109.6,109.9,136.5,107.6,116.2
2007-12-01,112,111.7,119.2,103.5,93.7,117.5,149.9,107.7,101.2,126.2,109.4,109.8,138.2,107.4,116.5
2008-01-01,111.8,112.4,119.2,103.3,92.2,117.6,152.8,107.5,99.6,126.4,109,109.6,139,107.3,116.2
2008-02-01,112.2,112.8,119.6,104.1,94.1,117,153.7,107.7,100.8,126.8,109.4,110,139.4,107.4,116.9
2008-03-01,112.6,112.6,120.1,104.1,96,117.8,159.3,107.9,101.3,126.6,109.6,110.2,143.2,108.1,117.1
2008-04-01,113.5,113.5,121.2,104.4,94.3,120.1,168.9,108.3,101.6,126.7,109.9,110.5,150.2,109.2,117.7
2008-05-01,114.6,114.6,121.6,104.3,93,123.6,183.7,108.6,102.9,127.4,110.3,111,158.4,110.4,118.7
2008-06-01,115.4,115.8,122.3,104.3,92.5,125.8,194.3,108.7,102.9,127.7,110.3,111.3,165.3,111.6,119.1
2008-07-01,115.8,116.5,123.3,104.4,93.3,125.7,196.7,108.5,103.2,127.6,110.4,111.5,169.1,112.1,119.4
2008-08-01,115.6,116.8,123.8,104.4,93.7,123.1,183.7,109.3,103.5,127.5,110.5,111.7,164,111.5,119.6
2008-09-01,115.7,117.1,123.1,105.6,96.1,122.4,185.3,109.4,103.9,128,110.8,112,161.5,111.5,119.8
2008-10-01,114.5,117.4,123.2,105.2,94.4,117,160.5,109.2,103,128,110.6,111.8,147.5,108.9,120
2008-11-01,114.1,119.5,123.4,105.5,94.1,113.2,126.2,110.1,101.9,128.5,111.3,112.8,130.7,108.1,120
2008-12-01,113.3,119.8,123.4,105.5,91.3,110.3,111.3,109.9,101.2,128.7,111,112.6,123,106.5,120.1
2009-01-01,113,120.6,123.1,105.7,91.8,108.8,116.9,110.4,99.7,129.2,110.3,112.1,123.8,106.2,119.7
2009-02-01,113.8,121.2,123.2,106.4,93.6,110.2,123.4,110.4,101.1,129.2,110.8,112.7,127.2,107.3,120.2
2009-03-01,114,121.5,122.6,106.8,95.7,110.5,125.9,110.5,101.8,129.7,111.1,113,127.1,107.6,120.4
2009-04-01,113.9,121.6,121.4,107.3,95.1,110.5,127.1,111.1,102.4,129.7,111.2,113.1,123.9,107,120.7
2009-05-01,114.7,121.9,121.4,107.6,93.9,113.5,137.6,112.1,103.8,131.2,111.7,113.5,129.4,108.1,121.3
2009-06-01,115.1,122.2,121.3,107.3,91.3,116.1,147,112.8,103.8,131.6,111.7,113.6,133.9,108.6,121.5
2009-07-01,114.7,122.3,120.8,107.1,91.3,114.3,141,112.5,104.3,131.5,111.5,113.5,129.6,107.7,121.6
2009-08-01,114.7,121.5,121.1,107,92.1,114.8,144.7,112.5,104.4,131.4,111.5,113.3,132.6,107.8,121.6
2009-09-01,114.7,120.4,120.9,107.9,94.9,113.6,142.6,113.7,104.9,131.3,111.8,113.4,131.3,107.4,121.9
2009-10-01,114.6,120.1,121.2,107.9,95,113.4,139.5,112.9,104.5,131.4,112,113.4,128.8,107,122.1
2009-11-01,115.2,121.5,121.3,108.5,95.1,115.4,144,113.6,103.7,131.3,112.2,113.9,132.4,108.6,121.8
2009-12-01,114.8,121.8,121.3,107.5,90.6,115.5,139.8,113.2,102.8,131.2,111.7,113.5,130.3,107.6,121.8
2010-01-01,115.1,122.3,121.8,107.9,90.1,117.2,144.8,113.8,101.1,131.1,111.6,113.6,133.9,108.4,121.8
2010-02-01,115.6,122.7,121.8,108.3,91.2,116.7,142.3,113.7,104.1,131.4,112.4,114.2,132.3,108.5,122.6
2010-03-01,115.6,123.1,121.7,108.3,93.6,117.1,147.6,113.5,102.5,131.5,112.1,114.1,134.5,109,122.2
2010-04-01,116,122.8,122.4,108.5,94.1,117.4,147.8,114.8,102.9,131.8,112.5,114.4,136,109.4,122.6
2010-05-01,116.3,122.9,123,108.6,92.7,118.1,147.1,114.6,103.6,132.1,112.8,114.6,137.4,109.4,123.2
2010-06-01,116.2,123,123.3,108.6,89.7,117.3,142.8,114.7,104.2,132.2,112.7,114.6,135.7,108.7,123.6
2010-07-01,116.8,123.7,124.3,109.2,88.8,117.4,147.8,115.6,105.1,134.5,113,115,139.8,109.1,124.5
2010-08-01,116.7,123.5,124,109,90.1,117.1,147.4,116.4,105,134.4,113,114.9,139.2,109.1,124.3
2010-09-01,116.9,122.9,123.9,109.4,92.8,117.1,147,116.1,105.6,134.4,113.4,115.1,138.7,109.2,124.5
2010-10-01,117.4,122.7,124.6,109.3,94.9,118.6,151.8,116,105.2,134.5,113.9,115.5,140.5,109.7,124.9
2010-11-01,117.5,123.3,124.4,109.5,92.1,120.7,154.4,116.1,104.3,134.6,113.9,115.6,141.3,110.1,125
2010-12-01,117.5,123.9,124.6,109.3,88.8,121.2,158,115.8,103.9,134.6,113.5,115.4,144,110,124.9
2011-01-01,117.8,124.9,124.5,109.6,87.9,122.8,163.6,115.8,102.7,135.2,113.4,115.5,146,110.5,125
2011-02-01,118.1,125.3,124.5,110.1,89.4,122.6,164.6,116,103.8,135,113.7,115.8,146.3,110.8,125.3
2011-03-01,119.4,127.2,124.6,110.4,94.4,124.8,175.5,116.4,104.9,134.8,114.4,116.8,151.7,113,125.7
2011-04-01,119.8,126.9,125.2,109.8,93.1,127.2,186.8,117.3,105.1,135,114.4,116.7,159.2,113.7,125.9
2011-05-01,120.6,127.7,125.2,110.4,93.7,128.9,190.5,117.2,106.1,135.7,115,117.3,160.2,114.4,126.7
2011-06-01,119.8,128.3,125.4,110.7,90.4,125.5,183.5,116.9,106,135.6,114.3,116.8,157,112.8,126.8
2011-07-01,120,129,125.9,110.7,89.7,125,182.5,116.7,106.8,136.1,114.3,117,157.9,112.9,127.1
2011-08-01,120.3,128.9,126.2,111.2,90.6,125.3,181,117.5,106.4,136.1,114.7,117.2,157.9,113.2,127.3
2011-09-01,120.6,128.2,125.7,111.6,95,126.3,180.4,117.5,106.9,135.9,115.5,117.8,156,113.5,127.8
2011-10-01,120.8,128,126.5,111.9,96.1,126.5,179.4,117.4,106,135.8,115.6,117.9,156.9,113.9,127.7
2011-11-01,120.9,129.2,126.3,112.1,93.1,127.6,175.2,117.9,104.8,135.8,115.7,118.2,154.1,113.8,127.8
2011-12-01,120.2,129.3,126.8,111.8,89.1,125.2,170,118.1,104.1,135.8,115,117.5,152.7,112.6,127.7
2012-01-01,120.7,130.2,127.1,112.2,89.3,127.4,174.7,118.1,102.6,136.3,115.2,117.9,155.5,113.6,127.8
2012-02-01,121.2,130.4,126.9,112.8,91.9,127.8,179.2,118.4,103.7,136.6,115.6,118.3,156.9,114.1,128.2
2012-03-01,121.7,130,126.6,112.7,94.8,129.5,187,118.3,104.9,137.5,116.1,118.7,159.5,114.8,128.6
2012-04-01,122.2,130.1,126.6,112.6,95.3,131.3,192.9,118.9,105.4,137.7,116.6,119.1,161,115.3,129.1
2012-05-01,122.1,130.9,126.7,112.8,93.4,129.9,186.1,118.8,106.7,137.7,116.7,119.3,157.7,114.7,129.5
2012-06-01,121.6,130.9,127,113.1,90.5,127.6,180.2,118.9,106.7,137.5,116.2,118.8,155.7,113.5,129.6
2012-07-01,121.5,131.7,127.2,113,89.1,126.4,180.1,118.5,107.2,137.6,115.8,118.7,156,113.2,129.7
2012-08-01,121.8,131.7,127.4,112.7,89.5,127.5,184.9,119.8,107.6,137.8,116,118.8,159.2,114,129.6
2012-09-01,122,130.3,127.2,113.2,93.3,128.3,188.8,118.5,107.7,137.7,116.4,118.9,160.6,114.2,129.8
2012-10-01,122.2,130.5,127.6,113.5,94.7,128.6,186.6,118.5,106.6,137.8,116.7,119.2,159.5,114.5,129.8
2012-11-01,121.9,131.4,127.5,113.7,92.5,127.3,175.9,118.7,106.1,138.3,116.7,119.3,153.8,113.8,129.9
2012-12-01,121.2,131.2,127.5,113.2,89.2,125.8,171.7,118.6,105.3,138.3,116,118.7,151.9,112.6,129.7
2013-01-01,121.3,131.6,127.8,113.5,87.9,126.7,171.6,118.5,103.7,138.9,115.9,118.7,152.8,112.9,129.6
2013-02-01,122.7,132.9,127.9,114.3,91.4,130.3,186.1,118.6,104.7,139.4,116.9,119.7,160.1,115.2,130.1
2013-03-01,122.9,132.4,128,114.7,95.3,129.5,186.5,118.3,105.2,139.8,117.2,120,159.9,115.4,130.3
2013-04-01,122.7,132.1,128.2,114.3,94.7,128.6,181.3,118.6,105.2,140.1,117.2,119.9,158,114.9,130.3
2013-05-01,123,132.6,128.3,114,93.9,129.2,183.3,118.3,106.5,141.1,117.3,120.1,159.3,115,130.9
2013-06-01,123,132.5,128.5,114.2,91.2,130.2,188.5,118.4,106.6,140.9,117.2,119.9,162.1,114.8,131.1
2013-07-01,123.1,132.7,128.8,114.5,90.4,129.8,191,118,107.7,140.5,117.1,119.9,164.2,114.7,131.5
2013-08-01,123.1,133,128.8,114.1,91.6,129.2,189,118.1,107.9,140.4,117.1,120,163,114.7,131.6
2013-09-01,123.3,131.9,129,114.5,93.7,129.3,188.2,118.4,107.9,140.9,117.5,120.1,163,114.8,131.7
2013-10-01,123,131.7,129.2,114.7,94,128.5,178.6,117.9,106.9,141,117.8,120.3,157,114.3,131.8
2013-11-01,123,132.8,129.8,114.8,92.1,128,176.6,118,106.2,141.1,117.5,120.3,157.4,114.3,131.8
2013-12-01,122.7,132.5,129.9,114.7,89.4,128.5,179.7,118.1,105.3,141.2,117.1,119.9,158.9,113.8,131.7
2014-01-01,123.1,133,130.5,114.7,89.2,129.2,179.5,118.3,104.7,140.9,117.3,120.1,160.2,114.2,131.9
2014-02-01,124.1,134.3,130.7,115.3,91,130.8,183.7,118.4,106.4,142.9,118.2,121,162.6,115.6,132.5
2014-03-01,124.8,134.4,131.4,115.7,94,131.7,189.2,118.1,106.5,145.3,118.6,121.5,167.2,117,132.5
2014-04-01,125.2,134.6,132.4,115.5,95,132.2,193.2,118.9,106.2,145.1,118.8,121.6,171.2,117.5,132.9
2014-05-01,125.8,135.7,132.6,115.8,94.5,132.7,194.8,119.2,107.8,146.2,119.1,122.1,172.7,117.9,133.6
2014-06-01,125.9,136.4,132.2,116.4,92.7,133.1,198.7,119,108.2,146.7,119.1,122.2,173,117.8,133.9
2014-07-01,125.7,136.5,132.6,116.3,91.8,131.5,195,118.9,108.9,147.1,118.9,122.1,171.9,117.1,134.2
2014-08-01,125.7,135.9,132.4,117.5,92.1,130.8,188.8,119.2,109.4,148.4,119.4,122.4,168.3,116.7,134.7
2014-09-01,125.8,135.5,132.5,117.6,95.6,130,187.2,119.3,109.6,148.5,119.7,122.6,167.4,116.9,134.8
2014-10-01,125.9,135.4,132.8,118.1,96.9,129.9,179.7,118.8,108.7,149.2,120.2,122.9,163.6,116.9,134.9
2014-11-01,125.4,136.9,132.8,118.2,94.7,127.7,166.2,119.9,106.8,149.4,119.8,122.9,156.5,116.2,134.5
2014-12-01,124.5,137.4,133,117.8,91.1,124.9,149.9,119.6,106.1,149.1,119.3,122.5,148.7,114.6,134.5
2015-01-01,124.3,139.1,133.1,118,91.1,122.4,131.3,120,105.6,149.9,119.5,122.9,139.5,114,134.7
2015-02-01,125.4,139.5,133.1,118.9,93.3,124.3,143.7,120.1,107.9,150.3,120.3,123.7,145.1,115.3,135.5
2015-03-01,126.3,139.5,133.3,119.4,96.4,126.6,152.8,119.5,108.7,150.7,121,124.3,149.8,117,135.6
2015-04-01,126.2,139.4,133.1,119.7,96.2,126.6,152.6,120.1,107.7,151.4,121,124.3,148.1,116.7,135.6
2015-05-01,126.9,140.8,133.2,119.7,95,128,161,120.7,109.9,151.9,121.3,124.8,152.4,117.6,136.2
2015-06-01,127.2,141,133.5,120,93,129.6,170.6,120.5,110.6,152.1,121.3,124.8,157.5,118,136.5
2015-07-01,127.3,140.9,133.8,120.1,93,129.2,171.3,120.6,111.2,152.2,121.3,124.8,159.2,117.9,136.8
2015-08-01,127.3,140.8,133.9,120.4,94,127.8,165.1,120.5,111.7,152.6,121.5,124.9,156.1,117.5,137.1
2015-09-01,127.1,140.3,133.9,120.5,96.7,125.4,152.1,120.7,112.3,152.9,121.9,125.2,149.3,116.8,137.4
2015-10-01,127.2,140.9,134.3,120.6,97.7,125.8,149,120.7,110.8,152.9,122.2,125.5,146.6,117.1,137.4
2015-11-01,127.1,141.6,134.4,119.8,96.7,126.3,148.6,121.6,108.8,153.8,121.9,125.4,146.5,117.3,136.9
2015-12-01,126.5,142.5,134.5,119.6,91.7,125.6,142.7,121,107.9,153.5,121.3,125,143.4,116.3,136.8
2016-01-01,126.8,144.6,134.6,120,90.8,125.1,134.1,121.5,107.9,154.5,121.6,125.6,139,116.6,137
2016-02-01,127.1,145,134.7,121,92.1,123.7,124.9,121.5,109.6,155.2,122.3,126.2,134.6,116.5,137.7
2016-03-01,127.9,144.5,134.8,121.4,96,125.3,132,121.4,110.9,156.2,123.1,126.9,138.1,117.8,138
2016-04-01,128.3,143.8,134.9,121.6,96,127.8,143.7,122.2,110.3,156.5,123.3,126.9,143.4,118.6,138
2016-05-01,128.8,143.3,135.1,122.1,96,129.4,149.6,122.3,111.7,156.8,123.8,127.2,146.9,118.9,138.8
2016-06-01,129.1,142.8,135.6,122.4,94.1,131,156.1,122.2,112,156.7,123.9,127.3,150.6,119.1,139.1
2016-07-01,128.9,143.2,136,122.3,92.6,128.9,147.4,122,113.3,157.1,123.8,127.2,147.4,118.2,139.7
2016-08-01,128.7,142.3,136.2,122.2,93.6,128.2,146.1,122.7,112.9,157.3,123.8,127.1,147,117.9,139.6
2016-09-01,128.8,140.4,136.2,121.9,96.8,128.3,147.3,122.4,113.8,157.7,124.3,127.2,147.3,117.8,139.9
2016-10-01,129.1,139.9,136.9,122.1,97.5,129.6,152.7,122.8,112.4,158.1,124.5,127.3,150.2,118.3,139.9
2016-11-01,128.6,140.6,137.2,121.6,95.5,128.1,146.1,122.9,111.1,158,124,127,146.8,117.6,139.6
2016-12-01,128.4,140.6,137.3,121.3,91.9,129.4,150.6,122.6,110.2,157.8,123.5,126.6,149.1,117.4,139.5
2017-01-01,129.5,141.5,137.8,121.4,91.1,133,161.7,123.4,111.3,158.7,124.3,127.3,155.8,118.9,140.2
2017-02-01,129.7,141.7,137.6,121.7,92.9,131.9,153.7,123.3,113.2,159.2,124.8,127.8,151.1,118.7,140.7
2017-03-01,129.9,141.8,137.7,121.4,95.1,131.1,152,123.5,114.9,159.7,125.2,128.2,149.8,118.8,141.1
2017-04-01,130.4,142.2,137.9,122.2,94.1,133.2,166.5,124.2,113.9,160.1,125.2,128.2,157.2,119.5,141.4
2017-05-01,130.5,143.1,137.7,122.4,94.6,132.3,159.8,124.1,114.5,160.7,125.5,128.6,151.8,119,142
2017-06-01,130.4,143.6,137.8,122.7,92.5,131.8,153.9,124.4,114.9,161.2,125.6,128.8,148.7,118.5,142.4
2017-07-01,130.4,144.1,137.7,122.2,92.5,131.3,154.2,124.7,115.8,161.7,125.6,128.9,147.8,118.3,142.6
2017-08-01,130.5,143.6,138,121.9,93.2,131.8,158.7,125,115.3,162,125.6,128.8,150.4,118.4,142.7
2017-09-01,130.8,142.4,138.1,121.4,94.6,133.2,168.1,124.5,116.2,162.5,125.8,128.8,154.5,118.8,142.8
2017-10-01,130.9,141.7,138.6,122.3,96,133.5,162.7,125.3,114.1,162.4,126.2,129.1,151.7,118.8,143
2017-11-01,131.3,142.9,138.9,122.7,95.3,135.7,174.7,124.2,113,162.5,126.2,129.2,157.9,119.9,142.8
2017-12-01,130.8,143.4,139.2,120.9,92.4,135.7,168.9,124.4,111.2,162.2,125.6,128.7,155.8,119.4,142.3
2018-01-01,131.7,144.7,139.7,122.4,91.7,137.2,174.3,125.1,111.8,163.2,126.2,129.5,159.5,120.2,143.3
2018-02-01,132.5,144.7,140,123.4,93.3,137.7,173,125.6,114.1,164.1,127.1,130.3,159.1,120.7,144.3
2018-03-01,132.9,144.2,140,122.9,95,138,178,126.3,116.4,166,127.6,130.6,161,120.9,144.9
2018-04-01,133.3,144.8,140.3,123.9,96.2,139.5,190.1,126.2,113.7,167.9,127.5,130.6,167.1,122,144.6
2018-05-01,133.4,144.6,140.4,122.8,95.4,139.7,196.4,125.9,116.5,168.1,127.6,130.6,169.4,121.6,145.3
2018-06-01,133.6,145.6,140.5,122.6,94.2,140.5,191.8,126.3,115.6,168.9,127.8,130.9,167.2,121.7,145.5
2018-07-01,134.3,146.1,141,123.1,93,142,193.3,126.1,117.9,169,128.5,131.6,168.8,121.6,147.1
2018-08-01,134.2,145.9,141.2,122.9,93.7,141.3,190.3,126.7,117.5,169.5,128.5,131.6,167.2,121.4,147.1
2018-09-01,133.7,144.9,141.5,123,96,138.4,188.3,126.1,117,169.7,128.1,131.1,166.3,121.1,146.3
2018-10-01,134.1,144.6,142,124,97.2,139.3,182.3,126.3,116.1,169.7,128.8,131.7,163.7,121.4,146.8
2018-11-01,133.5,146.1,142.3,123.8,95.9,137.1,165.2,125.1,114.3,169.9,128.4,131.6,155.8,120.5,146.6
2018-12-01,133.4,147.5,142.3,123.4,92.6,138,154.4,125.6,112.9,169.3,128.5,131.9,150.1,119.6,147.3
2019-01-01,133.6,148.7,143,123.3,92.2,136.6,149.6,125.9,113.3,170.6,128.6,132.2,148.5,120,147.1
2019-02-01,134.5,149.3,143.4,123.6,94.8,137.9,152.4,126.4,115.2,170.9,129.6,133,150.1,121.4,147.6
2019-03-01,135.4,149.4,143.8,123.5,96.4,140.6,170.1,126.6,116.6,170.9,130,133.5,159.1,122.7,148.1
2019-04-01,136,149,144.1,123.8,97.2,143,187.1,127.1,115.8,171.3,130.1,133.5,168.2,123.7,148.1
2019-05-01,136.6,149.7,144.2,123.9,96.7,144,189.2,127.3,118.6,171.7,130.7,134.1,169.2,123.9,149.2
2019-06-01,136.3,150.7,144,124.1,94.9,142.7,174.1,127.7,117.9,171.2,130.8,134.3,160.3,122.8,149.6
2019-07-01,137,151.6,144.3,123.5,94,144.2,179.9,128,121.1,171,131.3,134.9,163.4,123.2,150.7
2019-08-01,136.8,151.1,144.6,123.5,94.7,143.3,170.9,127.8,119.8,171.1,131.3,134.8,159.3,122.5,150.9
2019-09-01,136.2,150.2,144.8,123.6,98.5,140.3,169.5,127.8,118,170.9,130.8,134.3,158.7,122.7,149.5
2019-10-01,136.6,149.9,145.7,123.8,99.4,141.3,170.1,127.9,117.6,171.3,131.4,134.7,158.9,123,150.1
2019-11-01,136.4,151.1,145.9,123.6,98.5,141.5,166.7,128,114.5,172,131,134.6,158.1,123.3,149.4
2019-12-01,136.4,151.9,146.3,122.9,95.3,143.1,165.8,127.9,113.2,170,130.8,134.5,158.3,122.6,150.1
2020-01-01,136.8,153.5,146.4,122.6,95.8,143.4,166.4,128.6,113,171.4,131,134.9,158.6,123.7,149.7
2020-02-01,137.4,152.9,146.7,123.3,97.4,144,163.1,128.8,116,171.4,132.1,135.7,156.6,123.9,150.8
2020-03-01,136.6,152.8,146.5,123.7,99,138.9,134,128.6,116,171.5,132.2,135.8,140.6,122,151.1
2020-04-01,135.7,154,146,124.2,93.2,136.7,113.6,128.7,115,172.1,131.8,135.7,128.3,120.2,151.1
2020-05-01,136.1,154.3,145.6,123.6,91.5,139.7,132.8,128.4,115.5,172.1,131.5,135.5,137,121,151.1
2020-06-01,137.2,154.8,146.4,123.7,92.4,142.8,146.7,128.3,116.3,172.2,132.1,136.1,146.2,122.6,151.6
2020-07-01,137.2,155,146.4,124.2,92.1,142.8,153.1,128.8,116.3,172,131.9,136,149.7,122.9,151.5
2020-08-01,137,153.8,146.8,124,93.5,141.5,151.9,129.6,116.1,171.8,131.9,135.7,149.3,122.3,151.6
2020-09-01,136.9,152.6,147.3,124,94.5,140.4,151.3,129.8,116.6,172.1,131.9,135.6,149.8,122.2,151.5
2020-10-01,137.5,153.3,148.3,124.3,95.4,141.1,149,130.2,116.1,172.5,132.5,136.2,149.4,122.9,151.9
2020-11-01,137.7,153.9,148.7,124.3,96.2,141.3,146.8,130.6,115.6,172.1,132.7,136.5,149.1,123.2,152.1
2020-12-01,137.4,153.6,148.7,123.6,92.1,142.3,151.7,130,115.5,171.4,132.2,136,152,122.5,152.1
2021-01-01,138.2,155,148.4,124.3,91.9,144.9,160.9,130.3,116.3,172.5,132.8,136.7,154.3,123.8,152.5
2021-02-01,138.9,155.6,148.8,124.3,92.7,147.1,171.3,130.5,116.1,173.2,133.1,137.1,160.4,125.2,152.6
2021-03-01,139.6,155.5,150,123.5,93.7,148.8,181.3,130.5,116.4,173.6,133.4,137.3,167.4,126.2,152.9
2021-04-01,140.3,155.4,150.7,124.7,94.9,149.5,184.6,132.5,116.8,174.4,134.2,137.9,170.2,126.8,153.7
2021-05-01,141,156.6,151.7,124.7,95.1,150.3,190.5,132.4,117.6,175.2,134.6,138.5,173.2,127.9,154
2021-06-01,141.4,156.8,152.8,124.8,93.4,150.8,193.6,132.6,118,175.5,135,138.8,174.7,128.1,154.6
2021-07-01,142.3,157.6,153.5,125.6,93,152.2,200.4,133.4,119.7,175,135.6,139.5,179.2,129.1,155.4
2021-08-01,142.6,158,153.9,125.8,93.3,153.8,201.3,133.3,118.6,176.2,135.9,139.8,180.2,129.4,155.7
2021-09-01,142.9,158.5,154.4,125.9,94.7,153.2,201,133.7,119,175.8,136.2,140.1,179.9,129.6,156.1
2021-10-01,143.9,159.2,155.4,126.5,96,155.4,211.1,133.9,120.1,176.2,136.8,140.7,187.5,130.9,156.7
2021-11-01,144.2,160.7,155.9,126.3,96.9,155.4,210.8,134.1,118.5,176.6,136.8,141,188.4,131.7,156.5
2021-12-01,144,161.6,156.8,126.1,93.1,154.9,202.2,133.4,117.7,175.7,136.7,141.1,184.2,130.8,157.2
2022-01-01,145.3,163.9,157.6,126.7,93.4,156.9,211.9,134.1,119.2,178.2,137.5,142.1,190,132.7,157.7
2022-02-01,146.8,166,158.6,127.6,93.8,159.9,226.6,134.6,120.9,178.5,138.3,143.1,199,134.7,158.4
2022-03-01,148.9,167.5,160.2,129.1,94.5,165.5,253.4,134.9,123.1,179.3,139.6,144.4,213.9,137.8,159.4
2022-04-01,149.8,169,161.9,129.8,95.1,166.3,251.7,137,121.6,179.8,140.4,145.3,215.1,138.3,160.8
2022-05-01,151.9,170.4,163,131.5,97.2,172.2,281.9,137.2,123.9,180.4,141.6,146.6,233.4,141.2,162
2022-06-01,152.9,170.6,163.6,131.8,95.9,176.2,299.4,137.8,125.3,180.7,142.2,147.1,242.5,142.4,162.7
2022-07-01,153.1,172.1,164.2,131.9,94.3,174.1,271.8,138.6,127.1,181.6,143.1,148.1,229.4,141.5,164.2
2022-08-01,152.6,173.5,164.1,132.2,94.6,169.7,245.8,139.1,125.4,182.4,143.1,148.3,214.5,140.4,164.3
2022-09-01,152.7,174.8,164.9,132.7,96.1,166.5,227.6,139.6,125.2,182.4,143.6,148.9,205.1,140.2,164.8
2022-10-01,153.8,175.2,166.2,132.9,97.7,170.1,248.6,140.4,125,183.5,144.1,149.4,217.9,141.9,165.2
2022-11-01,154,177.3,167.2,132.9,97.3,168.6,239.6,141.5,123.4,184.5,144.2,149.8,214.6,142.2,165.5
2022-12-01,153.1,177.9,167.8,131.9,94.8,164.2,208.3,141.5,121.7,184.2,144,149.7,197.7,139.8,166
2023-01-01,153.9,181,168,131.4,93.8,165.4,218.1,142.4,122.6,186.5,144.3,150.4,200.3,141.2,166.1
2023-02-01,154.5,182.1,168.3,132.8,95.6,164.8,215.9,143,123.7,187.3,145,151.2,197.9,141.8,166.8
2023-03-01,155.3,182.4,168.9,133.3,96.8,166,218.4,143.7,125.1,189,145.9,152,199.2,142.7,167.6
2023-04-01,156.4,183.1,169.9,133.7,97.5,168.5,232.2,145.7,125.4,189.4,146.6,152.7,206,143.9,168.5
